<ForceField>
 <AtomTypes>
  <Type name="0" class="H1MC" element="H" mass="1.008000"/>
  <Type name="1" class="C3MC" element="C" mass="11.610000"/>
  <Type name="2" class="H1MC" element="H" mass="1.008000"/>
  <Type name="3" class="H1MC" element="H" mass="1.008000"/>
  <Type name="4" class="CLMC" element="Cl" mass="35.050000"/>
  <Type name="5" class="C3MR" element="C" mass="11.610000"/>
  <Type name="6" class="H1MR" element="H" mass="1.008000"/>
  <Type name="7" class="H1MR" element="H" mass="1.008000"/>
  <Type name="8" class="CLMR" element="Cl" mass="35.050000"/>
  <Type name="9" class="OOHR" element="O" mass="15.600000"/>
  <Type name="10" class="LPOH" mass="0.000000"/>
  <Type name="11" class="HOHR" element="H" mass="1.008000"/>
  <Type name="12" class="OOFF" element="O" mass="15.600000"/>
  <Type name="13" class="LPOFF" mass="0.000000"/>
  <Type name="14" class="HOFF" element="H" mass="1.008000"/>
  <Type name="15" class="H1OFF" element="H" mass="1.008000"/>
  <Type name="16" class="C3OFF" element="C" mass="11.610000"/>
  <Type name="17" class="H2OFF" element="H" mass="1.008000"/>
  <Type name="18" class="H2OFF" element="H" mass="1.008000"/>
  <Type name="19" class="CLOFF" element="Cl" mass="35.050000"/>
  <Type name="20" class="ODW" element="O" mass="15.599400"/>
  <Type name="21" class="LPDW" mass="0.000000"/>
  <Type name="22" class="HDW" element="H" mass="1.008000"/>
  <Type name="23" class="HDW" element="H" mass="1.008000"/>
  <Type name="24" class="DRUD" mass="0.400000"/>
  <Type name="25" class="DRUD" mass="0.400000"/>
  <Type name="26" class="DRUD" mass="0.400000"/>
  <Type name="27" class="DRUD" mass="0.400000"/>
  <Type name="28" class="DRUD" mass="0.400000"/>
  <Type name="29" class="DRUD" mass="0.400000"/>
  <Type name="30" class="DRUD" mass="0.400000"/>
  <Type name="31" class="DRUD" mass="0.400000"/>
  <Type name="32" class="DOH2" mass="0.400000"/>
 </AtomTypes>
 <Residues>
  <Residue name="MEC">
   <Atom name="H" type="0"/>
   <Atom name="C" type="1"/>
   <Atom name="H1" type="2"/>
   <Atom name="H2" type="3"/>
   <Atom name="CL" type="4"/>
   <Atom name="DC" type="24"/>
   <Atom name="DCL" type="25"/>
   <Bond from="1" to="0"/>
   <Bond from="1" to="2"/>
   <Bond from="1" to="3"/>
   <Bond from="1" to="4"/>
  </Residue>
  <Residue name="MER">
   <Atom name="C" type="5"/>
   <Atom name="H" type="6"/>
   <Atom name="H1" type="7"/>
   <Atom name="CL" type="8"/>
   <Atom name="DC" type="26"/>
   <Atom name="DCL" type="27"/>
   <Bond from="0" to="1"/>
   <Bond from="0" to="2"/>
   <Bond from="0" to="3"/>
  </Residue>
  <Residue name="OHR">
   <Atom name="O" type="9"/>
   <Atom name="OM" type="10"/>
   <Atom name="H" type="11"/>
   <Atom name="DO" type="28"/>
   <Bond from="0" to="2"/>
   <VirtualSite type="average2" index="1" atom1="0" atom2="2" weight1="0.50000000" weight2="0.50000000"/>
  </Residue>
  <Residue name="OFF">
   <Atom name="O" type="12"/>
   <Atom name="OM" type="13"/>
   <Atom name="H" type="14"/>
   <Atom name="H1" type="15"/>
   <Atom name="C" type="16"/>
   <Atom name="H2" type="17"/>
   <Atom name="H3" type="18"/>
   <Atom name="CL" type="19"/>
   <Atom name="DO" type="29"/>
   <Atom name="DC" type="30"/>
   <Atom name="DCL" type="31"/>
   <Bond from="0" to="2"/>
   <Bond from="0" to="3"/>
   <Bond from="4" to="3"/>
   <Bond from="4" to="5"/>
   <Bond from="4" to="6"/>
   <Bond from="4" to="7"/>
  </Residue>
  <Residue name="HOH">
   <Atom name="OH2" type="20"/>
   <Atom name="OM" type="21"/>
   <Atom name="H1" type="22"/>
   <Atom name="H2" type="23"/>
   <Atom name="DOH2" type="32"/>
   <Bond from="0" to="2"/>
   <Bond from="0" to="3"/>
   <VirtualSite type="average3" index="1" atom1="0" atom2="2" atom3="3" weight1="0.65464000" weight2="0.17268000" weight3="0.17268000" />
  </Residue>
 </Residues>
 <HarmonicBondForce>
  <Bond class1="" class2="DRUD" length="0.000000000000" k="418400.000000000000"/>
  <Bond class1="C3MC" class2="H1MC" length="0.108977712155" k="252971.571757609694"/>
  <Bond class1="C3MC" class2="CLMC" length="0.176159141336" k="259995.300709611358"/>
  <Bond class1="C3MR" class2="H1MR" length="0.107425800223" k="207125.464719984826"/>
  <Bond class1="C3MR" class2="CLMR" length="0.167125308741" k="174964.209022538882"/>
  <Bond class1="OOHR" class2="HOHR" length="0.102237829978" k="457781.595031842939"/>
  <Bond class1="OOHR" class2="LPOH" length="0.049050000000" k="0.000000000000"/>
  <Bond class1="OOFF" class2="LPOFF" length="0.020246080000" k="0.000000000000"/>
  <Bond class1="OOFF" class2="H1OFF" length="0.097456650000" k="0.000000000000"/>
  <Bond class1="OOFF" class2="HOFF" length="0.097456650000" k="0.000000000000"/>
  <Bond class1="H1OFF" class2="C3OFF" length="0.109700000000" k="0.000000000000"/>
  <Bond class1="C3OFF" class2="H2OFF" length="0.109700000000" k="0.000000000000"/>
  <Bond class1="C3OFF" class2="CLOFF" length="0.180400000000" k="0.000000000000"/>
 </HarmonicBondForce>
 <HarmonicAngleForce>
  <Angle class1="H1MC" class2="C3MC" class3="H1MC" angle="1.94514780396" k="468.0571015"/>
  <Angle class1="H1MC" class2="C3MC" class3="CLMC" angle="1.94171629636" k="341.336517327"/>
  <Angle class1="H1MR" class2="C3MR" class3="H1MR" angle="2.19580457801" k="261.574820172"/>
  <Angle class1="H1MR" class2="C3MR" class3="CLMR" angle="2.02478427569" k="275.056436719"/>
 </HarmonicAngleForce>
 <PeriodicTorsionForce>
 </PeriodicTorsionForce>
 <CustomTorsionForce energy="k*(theta-theta0)^2">
  <PerTorsionParameter name="k"/>
  <PerTorsionParameter name="theta0"/>
 </CustomTorsionForce>
 <CustomBondForce energy="D*(a^2*(r-r0)^2-a^3*(r-r0)^3+1.916667*a^4*(r-r0)^4)">
  <PerBondParameter name="D"/>
  <PerBondParameter name="a"/>
  <PerBondParameter name="r0"/>
  <Bond class1="ODW" class2="HDW" D="256.59117321723573" a="30.0" r0="0.09457"/>
 </CustomBondForce>
 <CustomAngleForce energy="ktheta^2*dtheta^2*(1-0.80214*dtheta+0.183837*dtheta^2-0.13166366*dtheta^3+0.23709*dtheta^4);dtheta=theta-theta0">
  <PerAngleParameter name="ktheta"/>
  <PerAngleParameter name="theta0"/>
  <Angle class1="HDW" class2="ODW" class3="HDW" ktheta="13.72327078704519" theta0="1.8936822384138474"/>
 </CustomAngleForce>
 <CMAPTorsionForce>
 </CMAPTorsionForce>
 <NonbondedForce coulomb14scale="0.8333333333" lj14scale="0.500000">
  <Atom type="0" charge="0.19877" sigma="1.0" epsilon="1.0"/>
  <Atom type="1" charge="1.86992" sigma="1.0" epsilon="1.0"/>
  <Atom type="2" charge="0.19877" sigma="1.0" epsilon="1.0"/>
  <Atom type="3" charge="0.19877" sigma="1.0" epsilon="1.0"/>
  <Atom type="4" charge="2.14062" sigma="1.0" epsilon="1.0"/>
  <Atom type="5" charge="1.84345" sigma="1.0" epsilon="1.0"/>
  <Atom type="6" charge="0.26131" sigma="1.0" epsilon="1.0"/>
  <Atom type="7" charge="0.26131" sigma="1.0" epsilon="1.0"/>
  <Atom type="8" charge="2.22979" sigma="1.0" epsilon="1.0"/>
  <Atom type="9" charge="1.35211" sigma="1.0" epsilon="1.0"/>
  <Atom type="10" charge="0" sigma="1.0" epsilon="1.0"/>
  <Atom type="11" charge="0.41554" sigma="1.0" epsilon="1.0"/>
  <Atom type="12" charge="1.51104" sigma="1.0" epsilon="1.0"/>
  <Atom type="13" charge="-1.02328" sigma="1.0" epsilon="1.0"/>
  <Atom type="14" charge="0.51164" sigma="1.0" epsilon="1.0"/>
  <Atom type="15" charge="0.51164" sigma="1.0" epsilon="1.0"/>
  <Atom type="16" charge="2.01343" sigma="1.0" epsilon="1.0"/>
  <Atom type="17" charge="0.138" sigma="1.0" epsilon="1.0"/>
  <Atom type="18" charge="0.138" sigma="1.0" epsilon="1.0"/>
  <Atom type="19" charge="2.30818" sigma="1.0" epsilon="1.0"/>
  <Atom type="20" charge="1.62459" sigma="1.0" epsilon="1.0"/>
  <Atom type="21" charge="-1.06484" sigma="1.0" epsilon="1.0"/>
  <Atom type="22" charge="0.53242" sigma="1.0" epsilon="1.0"/>
  <Atom type="23" charge="0.53242" sigma="1.0" epsilon="1.0"/>
  <Atom type="24" charge="-2.19292" sigma="1.0" epsilon="1.0"/>
  <Atom type="25" charge="-2.41393" sigma="1.0" epsilon="1.0"/>
  <Atom type="26" charge="-2.2009" sigma="1.0" epsilon="1.0"/>
  <Atom type="27" charge="-2.39496" sigma="1.0" epsilon="1.0"/>
  <Atom type="28" charge="-1.76765" sigma="1.0" epsilon="1.0"/>
  <Atom type="29" charge="-1.51104" sigma="1.0" epsilon="1.0"/>
  <Atom type="30" charge="-2.15143" sigma="1.0" epsilon="1.0"/>
  <Atom type="31" charge="-2.44618" sigma="1.0" epsilon="1.0"/>
  <Atom type="32" charge="-1.62459" sigma="1.0" epsilon="1.0"/>
 </NonbondedForce>
 <DrudeForce>
  <Particle type1="24" type2="1" charge="-2.19292" polarizability="0.00159686" thole="1.28"/>
  <Particle type1="25" type2="4" charge="-2.41393" polarizability="0.00193495" thole="1.28"/>
  <Particle type1="26" type2="5" charge="-2.2009" polarizability="0.0016085" thole="1.28"/>
  <Particle type1="27" type2="8" charge="-2.39496" polarizability="0.00190466" thole="1.28"/>
  <Particle type1="28" type2="9" charge="-1.76765" polarizability="0.00103756" thole="1.3"/>
  <Particle type1="29" type2="12" charge="-1.51104" polarizability="0.000758182" thole="1.3"/>
  <Particle type1="30" type2="16" charge="-2.15143" polarizability="0.001537" thole="1.28"/>
  <Particle type1="31" type2="19" charge="-2.44618" polarizability="0.001987" thole="1.28"/>
  <Particle type1="32" type2="20" charge="-1.62459" polarizability="0.00087641" thole="1.3"/>
 </DrudeForce>
 <Script>
import openmm as mm
harmonicBondForce = [f for f in [sys.getForce(i) for i in range(sys.getNumForces())] if type(f) == mm.HarmonicBondForce][0]
nonbondedForce = [f for f in [sys.getForce(i) for i in range(sys.getNumForces())] if type(f) == mm.NonbondedForce][0]
numAtomClasses = 21

# Conversion from atom types to atom classes.

typeToClass = {
  '0':6,
  '1':5,
  '2':6,
  '3':6,
  '4':7,
  '5':8,
  '6':9,
  '7':9,
  '8':10,
  '9':11,
  '10':13,
  '11':12,
  '12':14,
  '13':17,
  '14':15,
  '15':16,
  '16':18,
  '17':19,
  '18':19,
  '19':20,
  '20':1,
  '21':0,
  '22':2,
  '23':2,
  '24':4,
  '25':4,
  '26':4,
  '27':4,
  '28':4,
  '29':4,
  '30':4,
  '31':4,
  '32':3,
}

# Urey-Bradley parameters.

ubParams = {
}

# Add bonds for the Urey-Bradley terms.

for (angle, isConstrained) in zip(data.angles, data.isAngleConstrained):
    if isConstrained:
        continue
    class1 = typeToClass[data.atomType[data.atoms[angle[0]]]]
    class2 = typeToClass[data.atomType[data.atoms[angle[1]]]]
    class3 = typeToClass[data.atomType[data.atoms[angle[2]]]]
    params = None
    if (class1, class2, class3) in ubParams:
        params = ubParams[(class1, class2, class3)]
    elif (class3, class2, class1) in ubParams:
        params = ubParams[(class3, class2, class1)]
    if params is not None:
        harmonicBondForce.addBond(angle[0], angle[2], params[0], params[1])

# Lennard-Jones parameters by atom types.

epsilon = [
0, 0, 0, 0, 0, 0, 0, 0, 0, 0, 0, 0, 0, 0, 0, 0, 0, 0, 0, 0, 0, 
0, 0.8304249006, 0, 0, 0, 0.3395201146, 0.01571061761, 0.001351663422, 1.148547554, 0.1983310993, 1.188488034, 0.752477422, 0.06450914848, 0, 0, 0, 0, 0, 0, 0, 0, 
0, 0, 0, 0, 0, 0.004720281812, 0.03075880972, 0.3204567903, 0.1473347097, 0.0005341629539, 0.266467453, 0.4198626348, 0.3229700272, 0, 0, 0, 0, 0, 0, 0, 0, 
0, 0, 0, 0, 0, 0, 0, 0, 0, 0, 0, 0, 0, 0, 0, 0, 0, 0, 0, 0, 0, 
0, 0, 0, 0, 0, 0, 0, 0, 0, 0, 0, 0, 0, 0, 0, 0, 0, 0, 0, 0, 0, 
0, 0.3395201146, 0.004720281812, 0, 0, 0.4577296, 0.1734004272, 0.7123989551, 0.4577296, 0.1734004272, 0.7123989551, 1.845212605, 0.1779248786, 0, 0, 0, 0, 0, 0, 0, 0, 
0, 0.01571061761, 0.03075880972, 0, 0, 0.1734004272, 0.0656888, 0.2698761084, 0.1734004272, 0.0656888, 0.2698761084, 0.0001801934675, 0.03831069858, 0, 0, 0, 0, 0, 0, 0, 0, 
0, 0.001351663422, 0.3204567903, 0, 0, 0.7123989551, 0.2698761084, 1.10876, 0.7123989551, 0.2698761084, 1.10876, 1.198517027, 0.3445317951, 0, 0, 0, 0, 0, 0, 0, 0, 
0, 1.148547554, 0.1473347097, 0, 0, 0.4577296, 0.1734004272, 0.7123989551, 0.4577296, 0.1734004272, 0.7123989551, 0.6341762655, 0.09785552224, 0, 0, 0, 0, 0, 0, 0, 0, 
0, 0.1983310993, 0.0005341629539, 0, 0, 0.1734004272, 0.0656888, 0.2698761084, 0.1734004272, 0.0656888, 0.2698761084, 0.2402432252, 0.03707033445, 0, 0, 0, 0, 0, 0, 0, 0, 
0, 1.188488034, 0.266467453, 0, 0, 0.7123989551, 0.2698761084, 1.10876, 0.7123989551, 0.2698761084, 1.10876, 0.9870161531, 0.1522998989, 0, 0, 0, 0, 0, 0, 0, 0, 
0, 0.752477422, 0.4198626348, 0, 0, 1.845212605, 0.0001801934675, 1.198517027, 0.6341762655, 0.2402432252, 0.9870161531, 0.87864, 0.1355770954, 0, 0, 0, 0, 0, 0, 0, 0, 
0, 0.06450914848, 0.3229700272, 0, 0, 0.1779248786, 0.03831069858, 0.3445317951, 0.09785552224, 0.03707033445, 0.1522998989, 0.1355770954, 0.02092, 0, 0, 0, 0, 0, 0, 0, 0, 
0, 0, 0, 0, 0, 0, 0, 0, 0, 0, 0, 0, 0, 0, 0, 0, 0, 0, 0, 0, 0, 
0, 0, 0, 0, 0, 0, 0, 0, 0, 0, 0, 0, 0, 0, 0, 0, 0, 0, 0, 0, 0, 
0, 0, 0, 0, 0, 0, 0, 0, 0, 0, 0, 0, 0, 0, 0, 0, 0, 0, 0, 0, 0, 
0, 0, 0, 0, 0, 0, 0, 0, 0, 0, 0, 0, 0, 0, 0, 0, 0, 0, 0, 0, 0, 
0, 0, 0, 0, 0, 0, 0, 0, 0, 0, 0, 0, 0, 0, 0, 0, 0, 0, 0, 0, 0, 
0, 0, 0, 0, 0, 0, 0, 0, 0, 0, 0, 0, 0, 0, 0, 0, 0, 0, 0, 0, 0, 
0, 0, 0, 0, 0, 0, 0, 0, 0, 0, 0, 0, 0, 0, 0, 0, 0, 0, 0, 0, 0, 
0, 0, 0, 0, 0, 0, 0, 0, 0, 0, 0, 0, 0, 0, 0, 0, 0, 0, 0, 0, 0, 
]
sigma = [
0, 0.1597484578, 0, 0, 0, 0.1699834754, 0.1235676522, 0.1735470703, 0.1699834754, 0.1235676522, 0.1735470703, 0.1314075609, 0, 0, 0, 0.8908987181, 0, 0, 0, 0, 0, 
0.1597484578, 0.3194969157, 0.1597484578, 0.1597484578, 0.1597484578, 0.3376446196, 0.1676121806, 0.2857607159, 0.3211297562, 0.2216256099, 0.326713975, 0.3126898403, 0.2441170013, 0.1597484578, 0.1597484578, 0.8908987181, 0.1597484578, 0.1597484578, 0.1597484578, 0.1597484578, 0.1597484578, 
0, 0.1597484578, 0, 0, 0, 0.2446850543, 0.1517799402, 0.2810207885, 0.2069558235, 0.2152997577, 0.3023740477, 0.1879983179, 0.1862921271, 0, 0, 0.8908987181, 0, 0, 0, 0, 0, 
0, 0.1597484578, 0, 0, 0, 0.1699834754, 0.1235676522, 0.1735470703, 0.1699834754, 0.1235676522, 0.1735470703, 0.1314075609, 0, 0, 0, 0.8908987181, 0, 0, 0, 0, 0, 
0, 0.1597484578, 0, 0, 0, 0.1699834754, 0.1235676522, 0.1735470703, 0.1699834754, 0.1235676522, 0.1735470703, 0.1314075609, 0, 0, 0, 0.8908987181, 0, 0, 0, 0, 0, 
0.1699834754, 0.3376446196, 0.2446850543, 0.1699834754, 0.1699834754, 0.3399669508, 0.2935511276, 0.3435305457, 0.3399669508, 0.2935511276, 0.3435305457, 0.3051087423, 0.1794201386, 0.1699834754, 0.1699834754, 0.8908987181, 0.1699834754, 0.1699834754, 0.1699834754, 0.1699834754, 0.1699834754, 
0.1235676522, 0.1676121806, 0.1517799402, 0.1235676522, 0.1235676522, 0.2935511276, 0.2471353044, 0.2971147225, 0.2935511276, 0.2471353044, 0.2971147225, 0.1959183699, 0.1571987694, 0.1235676522, 0.1235676522, 0.8908987181, 0.1235676522, 0.1235676522, 0.1235676522, 0.1235676522, 0.1235676522, 
0.1735470703, 0.2857607159, 0.2810207885, 0.1735470703, 0.1735470703, 0.3435305457, 0.2971147225, 0.3470941406, 0.3435305457, 0.2971147225, 0.3470941406, 0.3258381259, 0.3023740477, 0.1735470703, 0.1735470703, 0.8908987181, 0.1735470703, 0.1735470703, 0.1735470703, 0.1735470703, 0.1735470703, 
0.1699834754, 0.3211297562, 0.2069558235, 0.1699834754, 0.1699834754, 0.3399669508, 0.2935511276, 0.3435305457, 0.3399669508, 0.2935511276, 0.3435305457, 0.3013910363, 0.1699834754, 0.1699834754, 0.1699834754, 0.8908987181, 0.1699834754, 0.1699834754, 0.1699834754, 0.1699834754, 0.1699834754, 
0.1235676522, 0.2216256099, 0.2152997577, 0.1235676522, 0.1235676522, 0.2935511276, 0.2471353044, 0.2971147225, 0.2935511276, 0.2471353044, 0.2971147225, 0.2549752131, 0.1235676522, 0.1235676522, 0.1235676522, 0.8908987181, 0.1235676522, 0.1235676522, 0.1235676522, 0.1235676522, 0.1235676522, 
0.1735470703, 0.326713975, 0.3023740477, 0.1735470703, 0.1735470703, 0.3435305457, 0.2971147225, 0.3470941406, 0.3435305457, 0.2971147225, 0.3470941406, 0.3049546312, 0.1735470703, 0.1735470703, 0.1735470703, 0.8908987181, 0.1735470703, 0.1735470703, 0.1735470703, 0.1735470703, 0.1735470703, 
0.1314075609, 0.3126898403, 0.1879983179, 0.1314075609, 0.1314075609, 0.3051087423, 0.1959183699, 0.3258381259, 0.3013910363, 0.2549752131, 0.3049546312, 0.2628151219, 0.1314075609, 0.1314075609, 0.1314075609, 0.8908987181, 0.1314075609, 0.1314075609, 0.1314075609, 0.1314075609, 0.1314075609, 
0, 0.2441170013, 0.1862921271, 0, 0, 0.1794201386, 0.1571987694, 0.3023740477, 0.1699834754, 0.1235676522, 0.1735470703, 0.1314075609, 0, 0, 0, 0.8908987181, 0, 0, 0, 0, 0, 
0, 0.1597484578, 0, 0, 0, 0.1699834754, 0.1235676522, 0.1735470703, 0.1699834754, 0.1235676522, 0.1735470703, 0.1314075609, 0, 0, 0, 0.8908987181, 0, 0, 0, 0, 0, 
0, 0.1597484578, 0, 0, 0, 0.1699834754, 0.1235676522, 0.1735470703, 0.1699834754, 0.1235676522, 0.1735470703, 0.1314075609, 0, 0, 0, 0.8908987181, 0, 0, 0, 0, 0, 
0.8908987181, 0.8908987181, 0.8908987181, 0.8908987181, 0.8908987181, 0.8908987181, 0.8908987181, 0.8908987181, 0.8908987181, 0.8908987181, 0.8908987181, 0.8908987181, 0.8908987181, 0.8908987181, 0.8908987181, 0.8908987181, 0.8908987181, 0.8908987181, 0.8908987181, 0.8908987181, 0.8908987181, 
0, 0.1597484578, 0, 0, 0, 0.1699834754, 0.1235676522, 0.1735470703, 0.1699834754, 0.1235676522, 0.1735470703, 0.1314075609, 0, 0, 0, 0.8908987181, 0, 0, 0, 0, 0, 
0, 0.1597484578, 0, 0, 0, 0.1699834754, 0.1235676522, 0.1735470703, 0.1699834754, 0.1235676522, 0.1735470703, 0.1314075609, 0, 0, 0, 0.8908987181, 0, 0, 0, 0, 0, 
0, 0.1597484578, 0, 0, 0, 0.1699834754, 0.1235676522, 0.1735470703, 0.1699834754, 0.1235676522, 0.1735470703, 0.1314075609, 0, 0, 0, 0.8908987181, 0, 0, 0, 0, 0, 
0, 0.1597484578, 0, 0, 0, 0.1699834754, 0.1235676522, 0.1735470703, 0.1699834754, 0.1235676522, 0.1735470703, 0.1314075609, 0, 0, 0, 0.8908987181, 0, 0, 0, 0, 0, 
0, 0.1597484578, 0, 0, 0, 0.1699834754, 0.1235676522, 0.1735470703, 0.1699834754, 0.1235676522, 0.1735470703, 0.1314075609, 0, 0, 0, 0.8908987181, 0, 0, 0, 0, 0, 
]
epsilon14 = [
0, 0, 0, 0, 0, 0, 0, 0, 0, 0, 0, 0, 0, 0, 0, 0, 0, 0, 0, 0, 0, 
0, 0.8304249006, 0, 0, 0, 0.1697600573, 0.007855308806, 0.0006758317111, 0.5742737768, 0.09916554963, 0.5942440169, 0.376238711, 0.03225457424, 0, 0, 0, 0, 0, 0, 0, 0, 
0, 0, 0, 0, 0, 0.002360140906, 0.01537940486, 0.1602283951, 0.07366735486, 0.000267081477, 0.1332337265, 0.2099313174, 0.1614850136, 0, 0, 0, 0, 0, 0, 0, 0, 
0, 0, 0, 0, 0, 0, 0, 0, 0, 0, 0, 0, 0, 0, 0, 0, 0, 0, 0, 0, 0, 
0, 0, 0, 0, 0, 0, 0, 0, 0, 0, 0, 0, 0, 0, 0, 0, 0, 0, 0, 0, 0, 
0, 0.3395201146, 0.004720281812, 0, 0, 0.2288648, 0.08642365718, 0.3561994776, 0.2288648, 0.08642365718, 0.3561994776, 0.9226063027, 0.08896243929, 0, 0, 0, 0, 0, 0, 0, 0, 
0, 0.01571061761, 0.03075880972, 0, 0, 0.08642365718, 0.0326352, 0.1345076287, 0.08642365718, 0.0326352, 0.1345076287, 9.009673374e-05, 0.01915534929, 0, 0, 0, 0, 0, 0, 0, 0, 
0, 0.001351663422, 0.3204567903, 0, 0, 0.3561994776, 0.1345076287, 0.55438, 0.3561994776, 0.1345076287, 0.55438, 0.5992585136, 0.1722658976, 0, 0, 0, 0, 0, 0, 0, 0, 
0, 1.148547554, 0.1473347097, 0, 0, 0.2288648, 0.08642365718, 0.3561994776, 0.2288648, 0.08642365718, 0.3561994776, 0.4484303378, 0.06919430335, 0, 0, 0, 0, 0, 0, 0, 0, 
0, 0.1983310993, 0.0005341629539, 0, 0, 0.08642365718, 0.0326352, 0.1345076287, 0.08642365718, 0.0326352, 0.1345076287, 0.1693357379, 0.02612907163, 0, 0, 0, 0, 0, 0, 0, 0, 
0, 1.188488034, 0.266467453, 0, 0, 0.3561994776, 0.1345076287, 0.55438, 0.3561994776, 0.1345076287, 0.55438, 0.697925815, 0.1076922913, 0, 0, 0, 0, 0, 0, 0, 0, 
0, 0.752477422, 0.4198626348, 0, 0, 1.845212605, 0.0001801934675, 1.198517027, 0.4484303378, 0.1693357379, 0.697925815, 0.87864, 0.1355770954, 0, 0, 0, 0, 0, 0, 0, 0, 
0, 0.06450914848, 0.3229700272, 0, 0, 0.1779248786, 0.03831069858, 0.3445317951, 0.06919430335, 0.02612907163, 0.1076922913, 0.1355770954, 0.02092, 0, 0, 0, 0, 0, 0, 0, 0, 
0, 0, 0, 0, 0, 0, 0, 0, 0, 0, 0, 0, 0, 0, 0, 0, 0, 0, 0, 0, 0, 
0, 0, 0, 0, 0, 0, 0, 0, 0, 0, 0, 0, 0, 0, 0, 0, 0, 0, 0, 0, 0, 
0, 0, 0, 0, 0, 0, 0, 0, 0, 0, 0, 0, 0, 0, 0, 0, 0, 0, 0, 0, 0, 
0, 0, 0, 0, 0, 0, 0, 0, 0, 0, 0, 0, 0, 0, 0, 0, 0, 0, 0, 0, 0, 
0, 0, 0, 0, 0, 0, 0, 0, 0, 0, 0, 0, 0, 0, 0, 0, 0, 0, 0, 0, 0, 
0, 0, 0, 0, 0, 0, 0, 0, 0, 0, 0, 0, 0, 0, 0, 0, 0, 0, 0, 0, 0, 
0, 0, 0, 0, 0, 0, 0, 0, 0, 0, 0, 0, 0, 0, 0, 0, 0, 0, 0, 0, 0, 
0, 0, 0, 0, 0, 0, 0, 0, 0, 0, 0, 0, 0, 0, 0, 0, 0, 0, 0, 0, 0, 
]
sigma14 = [
0, 0.1597484578, 0, 0, 0, 0.1699834754, 0.1235676522, 0.1735470703, 0.1699834754, 0.1235676522, 0.1735470703, 0.1314075609, 0, 0, 0, 0.8908987181, 0, 0, 0, 0, 0, 
0.1597484578, 0.3194969157, 0.1597484578, 0.1597484578, 0.1597484578, 0.3376446196, 0.1676121806, 0.2857607159, 0.3211297562, 0.2216256099, 0.326713975, 0.3126898403, 0.2441170013, 0.1597484578, 0.1597484578, 0.8908987181, 0.1597484578, 0.1597484578, 0.1597484578, 0.1597484578, 0.1597484578, 
0, 0.1597484578, 0, 0, 0, 0.2446850543, 0.1517799402, 0.2810207885, 0.2069558235, 0.2152997577, 0.3023740477, 0.1879983179, 0.1862921271, 0, 0, 0.8908987181, 0, 0, 0, 0, 0, 
0, 0.1597484578, 0, 0, 0, 0.1699834754, 0.1235676522, 0.1735470703, 0.1699834754, 0.1235676522, 0.1735470703, 0.1314075609, 0, 0, 0, 0.8908987181, 0, 0, 0, 0, 0, 
0, 0.1597484578, 0, 0, 0, 0.1699834754, 0.1235676522, 0.1735470703, 0.1699834754, 0.1235676522, 0.1735470703, 0.1314075609, 0, 0, 0, 0.8908987181, 0, 0, 0, 0, 0, 
0.1699834754, 0.3376446196, 0.2446850543, 0.1699834754, 0.1699834754, 0.3399669508, 0.2935511276, 0.3435305457, 0.3399669508, 0.2935511276, 0.3435305457, 0.3051087423, 0.1794201386, 0.1699834754, 0.1699834754, 0.8908987181, 0.1699834754, 0.1699834754, 0.1699834754, 0.1699834754, 0.1699834754, 
0.1235676522, 0.1676121806, 0.1517799402, 0.1235676522, 0.1235676522, 0.2935511276, 0.2471353044, 0.2971147225, 0.2935511276, 0.2471353044, 0.2971147225, 0.1959183699, 0.1571987694, 0.1235676522, 0.1235676522, 0.8908987181, 0.1235676522, 0.1235676522, 0.1235676522, 0.1235676522, 0.1235676522, 
0.1735470703, 0.2857607159, 0.2810207885, 0.1735470703, 0.1735470703, 0.3435305457, 0.2971147225, 0.3470941406, 0.3435305457, 0.2971147225, 0.3470941406, 0.3258381259, 0.3023740477, 0.1735470703, 0.1735470703, 0.8908987181, 0.1735470703, 0.1735470703, 0.1735470703, 0.1735470703, 0.1735470703, 
0.1699834754, 0.3211297562, 0.2069558235, 0.1699834754, 0.1699834754, 0.3399669508, 0.2935511276, 0.3435305457, 0.3399669508, 0.2935511276, 0.3435305457, 0.3013910363, 0.1699834754, 0.1699834754, 0.1699834754, 0.8908987181, 0.1699834754, 0.1699834754, 0.1699834754, 0.1699834754, 0.1699834754, 
0.1235676522, 0.2216256099, 0.2152997577, 0.1235676522, 0.1235676522, 0.2935511276, 0.2471353044, 0.2971147225, 0.2935511276, 0.2471353044, 0.2971147225, 0.2549752131, 0.1235676522, 0.1235676522, 0.1235676522, 0.8908987181, 0.1235676522, 0.1235676522, 0.1235676522, 0.1235676522, 0.1235676522, 
0.1735470703, 0.326713975, 0.3023740477, 0.1735470703, 0.1735470703, 0.3435305457, 0.2971147225, 0.3470941406, 0.3435305457, 0.2971147225, 0.3470941406, 0.3049546312, 0.1735470703, 0.1735470703, 0.1735470703, 0.8908987181, 0.1735470703, 0.1735470703, 0.1735470703, 0.1735470703, 0.1735470703, 
0.1314075609, 0.3126898403, 0.1879983179, 0.1314075609, 0.1314075609, 0.3051087423, 0.1959183699, 0.3258381259, 0.3013910363, 0.2549752131, 0.3049546312, 0.2628151219, 0.1314075609, 0.1314075609, 0.1314075609, 0.8908987181, 0.1314075609, 0.1314075609, 0.1314075609, 0.1314075609, 0.1314075609, 
0, 0.2441170013, 0.1862921271, 0, 0, 0.1794201386, 0.1571987694, 0.3023740477, 0.1699834754, 0.1235676522, 0.1735470703, 0.1314075609, 0, 0, 0, 0.8908987181, 0, 0, 0, 0, 0, 
0, 0.1597484578, 0, 0, 0, 0.1699834754, 0.1235676522, 0.1735470703, 0.1699834754, 0.1235676522, 0.1735470703, 0.1314075609, 0, 0, 0, 0.8908987181, 0, 0, 0, 0, 0, 
0, 0.1597484578, 0, 0, 0, 0.1699834754, 0.1235676522, 0.1735470703, 0.1699834754, 0.1235676522, 0.1735470703, 0.1314075609, 0, 0, 0, 0.8908987181, 0, 0, 0, 0, 0, 
0.8908987181, 0.8908987181, 0.8908987181, 0.8908987181, 0.8908987181, 0.8908987181, 0.8908987181, 0.8908987181, 0.8908987181, 0.8908987181, 0.8908987181, 0.8908987181, 0.8908987181, 0.8908987181, 0.8908987181, 0.8908987181, 0.8908987181, 0.8908987181, 0.8908987181, 0.8908987181, 0.8908987181, 
0, 0.1597484578, 0, 0, 0, 0.1699834754, 0.1235676522, 0.1735470703, 0.1699834754, 0.1235676522, 0.1735470703, 0.1314075609, 0, 0, 0, 0.8908987181, 0, 0, 0, 0, 0, 
0, 0.1597484578, 0, 0, 0, 0.1699834754, 0.1235676522, 0.1735470703, 0.1699834754, 0.1235676522, 0.1735470703, 0.1314075609, 0, 0, 0, 0.8908987181, 0, 0, 0, 0, 0, 
0, 0.1597484578, 0, 0, 0, 0.1699834754, 0.1235676522, 0.1735470703, 0.1699834754, 0.1235676522, 0.1735470703, 0.1314075609, 0, 0, 0, 0.8908987181, 0, 0, 0, 0, 0, 
0, 0.1597484578, 0, 0, 0, 0.1699834754, 0.1235676522, 0.1735470703, 0.1699834754, 0.1235676522, 0.1735470703, 0.1314075609, 0, 0, 0, 0.8908987181, 0, 0, 0, 0, 0, 
0, 0.1597484578, 0, 0, 0, 0.1699834754, 0.1235676522, 0.1735470703, 0.1699834754, 0.1235676522, 0.1735470703, 0.1314075609, 0, 0, 0, 0.8908987181, 0, 0, 0, 0, 0, 
]

# Create a CustomNonbondedForce to compute Lennard-Jones interactions.

customNonbondedForce = mm.CustomNonbondedForce('4*eps*((sig/r)^12-(sig/r)^6); eps=epsilon(type1, type2); sig=sigma(type1, type2)')
customNonbondedForce.setNonbondedMethod(min(nonbondedForce.getNonbondedMethod(), 2))
customNonbondedForce.addTabulatedFunction('epsilon', mm.Discrete2DFunction(numAtomClasses, numAtomClasses, epsilon))
customNonbondedForce.addTabulatedFunction('sigma', mm.Discrete2DFunction(numAtomClasses, numAtomClasses, sigma))
customNonbondedForce.addPerParticleParameter('type')
for atom in data.atoms:
    customNonbondedForce.addParticle([typeToClass[data.atomType[atom]]])
sys.addForce(customNonbondedForce)

# Update the NonbondedForce to have correct Lennard-Jones parameters.

for i in range(nonbondedForce.getNumParticles()):
    (q, sig, eps) = nonbondedForce.getParticleParameters(i)
    nonbondedForce.setParticleParameters(i, q, 1, 0)
for i in range(nonbondedForce.getNumExceptions()):
    (p1, p2, q, sig, eps) = nonbondedForce.getExceptionParameters(i)
    class1 = typeToClass[data.atomType[data.atoms[p1]]]
    class2 = typeToClass[data.atomType[data.atoms[p2]]]
    index = class1*numAtomClasses+class2
    if eps._value != 0.0:
        eps = epsilon14[index]
    nonbondedForce.setExceptionParameters(i, p1, p2, q, sigma14[index], eps)
    customNonbondedForce.addExclusion(p1, p2)

 </Script>
</ForceField>
